1.
A) DEC -> BIN
98(10)
128 64 32 16 8 4 2 1
 0   1  1  0 0 0 1 0

56(10)
128 64 32 16 8 4 2 1
 0   0  1  1 1 0 0 0

31(10)
128 64 32 16 8 4 2 1
 0   0  0  1 1 1 1 1

2(10)
128 64 32 16 8 4 2 1
 0   0  0  0 0 0 1 0

1000(10)
1024 512 256 128 64 32 16 8 4 2 1
   0   1   1  1   1  1  0 1 0 0 0

45(10)
128 64 32 16 8 4 2 1
 0   0  1  0 1 1 0 1

B) BIN -> DEC
10(2)
2 1 = 2(10)

11101(2)
16 8 4 2 1 = 29(10)

1111(2)
8 4 2 1 = 15(10)

11110(2)
16 8 4 2 1 = 30(10)

11011(2)
16 8 4 2 1 = 27(10)

1001(2)
8 4 2 1 = 9(10)

1110111(2)
64 32 16 8 4 2 1 = 119(10)

11001100(2)
128 64 32 16 8 4 2 1 = 204(10)

1010101010(2)
512 256 128 64 32 16 8 4 2 1 = 682(10)

C) DEC -> HEX
48(10) = 30(16)
48 : 16  0
3        3

156(10) = 9C(16)
156 : 16  12
9          9

321(10) = 141(16)
321 : 16  1
20  : 16  4
1         1

255(10) = FF(16)
255 : 16  15
15  : 16  15

1024(10) = 400(16)
1024 : 16  0
64   : 16  0
4          4

8(10) = 8(16)

100(10) = 64(16)
100 : 16   4
6          6

14567(10) = 38E7(16)
14567 : 16   7
910   : 16   14
56    : 16   8
3            3 

2020(10) = 7E4(16)
2020 : 16   4
126  : 16   14
7           7

D) HEX -> DEC
A(16) = 10(10)

100(16) = 256(10)

3E(16) = 3*16 + 14*1 = 62(10)

1EA(16) = 256 + 14*16 + 10 = 490(10)

ABC(16) = 2560 + 11*16 + 12 = 2748(10)

EF(16) = 14*16 + 15 = 239(10)

5B3(16) = 5*256 + 11*16 + 3 = 1280 + 176 + 3 = 1459(10)

14C(16) = 256 + 4*16 + 12 = 332(10)

E) HEX -> BIN
B(16) 
8 4 2 1
1 0 1 1

200(16) 512
512 256 128 64 32 16 8 4 2 1
  1   0   0  0  0  0 0 0 0 0

3E(16) 61
512 256 128 64 32 16 8 4 2 1
  0   0   0  0  1  1 1 1 0 1

1EA(16) 256 16*14 10 490
512 256 128 64 32 16 8 4 2 1
  0   1   1  1  1  0 1 0 1 0

CAB(16) 256*12 16*10 10 3242
2048 1024 512 256 128 64 32 16 8 4 2 1
   1    1   0   0   1  0  1  0 1 0 1 1

ED(16) 16*14 13 237
512 256 128 64 32 16 8 4 2 1
  0   0   1  1  1  0 1 1 0 1

F) BIN -> HEX
110(2) = 6(16)

110 0101(2) = 65(16)

11 0011(2) = 33(16)

1 0111 0110(2) = 176(16)

1011(2) = B(16)

11 1101(2) = 3D(16)

1100 1011(2) = CB(16)

10 1100(2) = 2C(16)

10 1011 0010(2) = 2B2(16)

G) DEC -> OCT
8(10) = 10(8)
8 : 8  0
1      1

56(10) = 70(8)
56 : 8  0
7       7

31(10) = 37(8)
31 : 8  7
3       3

7(10) = 7(8)

2(10) = 2(8)

1000(10) = 1750(8)
1000 : 8  0
125  : 8  5
15   : 8  7
1         1

111(10) = 157(8)
111 : 8  7
13  : 8  5
1        1

45(10) = 55(8)
45 : 8  5
5       5

H) OCT -> DEC
25(8) = 2*8 + 5 = 21(10) 

10(8) = 8 = 8(10)

24(8) = 2*8 + 4 = 20(10) 

7(8) = 7 = 7(10)

2(8) = 2 = 2(10)

621(8) = 6*64 + 2*8 + 1 = 384 + 17 = 401(10)

45(8) = 4*8 + 5 = 37(10)

34(8) = 3*8 + 4 = 28(10)

I) Ternary -> Quaternary
120(3) = 9 + 2*3 = 15(10) = 33(4)
15 : 4  3
3       3

10(3) = 3(10) = 3(4)

21(3) = 2*3 + 1 = 7(10) = 13(4)
7 : 4  3
1      1

2110(3) = 2*27 + 9 + 3 = 66(10) = 1002(4)
66 : 4  2
16 : 4  0
4  : 4  0
1       1

112(3) = 9 + 3 + 2 = 14(10) = 32(4)
14 : 4  2
3       3

100(3) = 9(10) = 21(4)
9 : 4  1
2      2

110(3) = 9 + 3 = 12(10) = 30(4)
12 : 4  0
3       3